# DESCRIPTION: Verilator output: Timestamp data for --skip-identical.  Delete at will.
C "-Wall --cc --trace --exe --build --top-module PvuTop -Wno-DECLFILENAME -Wno-PINCONNECTEMPTY -Wno-UNUSEDSIGNAL -Wno-UNOPTFLAT --threads-dpi all -j 16 /home/wuxy/PVU/csrc/main_resnet_div_p32.cpp /home/wuxy/PVU/csrc/main_resnet_dot_p32.cpp /home/wuxy/PVU/csrc/main_resnet_mul_p32.cpp /home/wuxy/PVU/csrc/main_resnet_add_p32.cpp /home/wuxy/PVU/csrc/main_simple_test.cpp /home/wuxy/PVU/csrc/main_resnet_sub_p32.cpp /home/wuxy/PVU/vsrc/PvuTop.sv"
S    464835 19938374  1742544740   383656106  1742544740   383656106 "/home/wuxy/PVU/vsrc/PvuTop.sv"
S  20938328 28720358  1731558437   830396976  1731558437   830396976 "/usr/local/bin/verilator_bin"
S      3275 28871326  1731558437   882395446  1731558437   882395446 "/usr/local/share/verilator/include/verilated_std.sv"
T      7067 19939204  1742544746   479543593  1742544746   479543593 "obj_dir/VPvuTop.cpp"
T      4582 19939203  1742544746   479543593  1742544746   479543593 "obj_dir/VPvuTop.h"
T      2693 19939222  1742544747    42533204  1742544747    42533204 "obj_dir/VPvuTop.mk"
T     10413 19927489  1742544746   480543575  1742544746   480543575 "obj_dir/VPvuTop_Compressor4to2.h"
T     20217 19927151  1742544746   480543575  1742544746   480543575 "obj_dir/VPvuTop_Compressor4to2_24.h"
T   1036425 19946230  1742544746   620540992  1742544746   620540992 "obj_dir/VPvuTop_Compressor4to2_24__DepSet_hb5a704c3__0.cpp"
T    953264 19946231  1742544746   624540917  1742544746   624540917 "obj_dir/VPvuTop_Compressor4to2_24__DepSet_hb5a704c3__1.cpp"
T   1062971 19946240  1742544746   668540106  1742544746   668540106 "obj_dir/VPvuTop_Compressor4to2_24__DepSet_hb5a704c3__10.cpp"
T   1012324 19946241  1742544746   673540013  1742544746   673540013 "obj_dir/VPvuTop_Compressor4to2_24__DepSet_hb5a704c3__11.cpp"
T   1040509 19946242  1742544746   678539922  1742544746   678539922 "obj_dir/VPvuTop_Compressor4to2_24__DepSet_hb5a704c3__12.cpp"
T    957100 19946243  1742544746   682539847  1742544746   682539847 "obj_dir/VPvuTop_Compressor4to2_24__DepSet_hb5a704c3__13.cpp"
T   1047627 19946244  1742544746   687539755  1742544746   687539755 "obj_dir/VPvuTop_Compressor4to2_24__DepSet_hb5a704c3__14.cpp"
T    984366 19946245  1742544746   691539682  1742544746   691539682 "obj_dir/VPvuTop_Compressor4to2_24__DepSet_hb5a704c3__15.cpp"
T   1062971 19946246  1742544746   696539589  1742544746   696539589 "obj_dir/VPvuTop_Compressor4to2_24__DepSet_hb5a704c3__16.cpp"
T   1012324 19946247  1742544746   700539515  1742544746   700539515 "obj_dir/VPvuTop_Compressor4to2_24__DepSet_hb5a704c3__17.cpp"
T   1040509 19946248  1742544746   705539423  1742544746   705539423 "obj_dir/VPvuTop_Compressor4to2_24__DepSet_hb5a704c3__18.cpp"
T    957100 19946249  1742544746   709539349  1742544746   709539349 "obj_dir/VPvuTop_Compressor4to2_24__DepSet_hb5a704c3__19.cpp"
T   1043543 19946232  1742544746   629540826  1742544746   629540826 "obj_dir/VPvuTop_Compressor4to2_24__DepSet_hb5a704c3__2.cpp"
T   1047627 19946250  1742544746   714539257  1742544746   714539257 "obj_dir/VPvuTop_Compressor4to2_24__DepSet_hb5a704c3__20.cpp"
T    984366 19946251  1742544746   718539183  1742544746   718539183 "obj_dir/VPvuTop_Compressor4to2_24__DepSet_hb5a704c3__21.cpp"
T   1062971 19946252  1742544746   723539090  1742544746   723539090 "obj_dir/VPvuTop_Compressor4to2_24__DepSet_hb5a704c3__22.cpp"
T   1012324 19946253  1742544746   728538999  1742544746   728538999 "obj_dir/VPvuTop_Compressor4to2_24__DepSet_hb5a704c3__23.cpp"
T    980362 19946233  1742544746   634540733  1742544746   634540733 "obj_dir/VPvuTop_Compressor4to2_24__DepSet_hb5a704c3__3.cpp"
T   1058887 19946234  1742544746   639540640  1742544746   639540640 "obj_dir/VPvuTop_Compressor4to2_24__DepSet_hb5a704c3__4.cpp"
T   1008272 19946235  1742544746   644540549  1742544746   644540549 "obj_dir/VPvuTop_Compressor4to2_24__DepSet_hb5a704c3__5.cpp"
T   1040509 19946236  1742544746   649540456  1742544746   649540456 "obj_dir/VPvuTop_Compressor4to2_24__DepSet_hb5a704c3__6.cpp"
T    957100 19946237  1742544746   654540364  1742544746   654540364 "obj_dir/VPvuTop_Compressor4to2_24__DepSet_hb5a704c3__7.cpp"
T   1047627 19946238  1742544746   659540272  1742544746   659540272 "obj_dir/VPvuTop_Compressor4to2_24__DepSet_hb5a704c3__8.cpp"
T    984366 19946239  1742544746   663540198  1742544746   663540198 "obj_dir/VPvuTop_Compressor4to2_24__DepSet_hb5a704c3__9.cpp"
T     20084 19946229  1742544746   594541472  1742544746   594541472 "obj_dir/VPvuTop_Compressor4to2_24__DepSet_he9c548a4__0__Slow.cpp"
T       722 19946228  1742544746   594541472  1742544746   594541472 "obj_dir/VPvuTop_Compressor4to2_24__Slow.cpp"
T     10237 19927507  1742544746   536542542  1742544746   536542542 "obj_dir/VPvuTop_Compressor4to2__DepSet_h49a2d95a__0__Slow.cpp"
T    834643 19927508  1742544746   549542302  1742544746   549542302 "obj_dir/VPvuTop_Compressor4to2__DepSet_h621f074e__0.cpp"
T    810638 19927515  1742544746   553542228  1742544746   553542228 "obj_dir/VPvuTop_Compressor4to2__DepSet_h621f074e__1.cpp"
T    842446 19946225  1742544746   590541545  1742544746   590541545 "obj_dir/VPvuTop_Compressor4to2__DepSet_h621f074e__10.cpp"
T    857610 19946226  1742544746   594541472  1742544746   594541472 "obj_dir/VPvuTop_Compressor4to2__DepSet_h621f074e__11.cpp"
T    827554 19927516  1742544746   557542154  1742544746   557542154 "obj_dir/VPvuTop_Compressor4to2__DepSet_h621f074e__2.cpp"
T    838211 19946218  1742544746   561542080  1742544746   561542080 "obj_dir/VPvuTop_Compressor4to2__DepSet_h621f074e__3.cpp"
T    812390 19946219  1742544746   565542006  1742544746   565542006 "obj_dir/VPvuTop_Compressor4to2__DepSet_h621f074e__4.cpp"
T    827554 19946220  1742544746   569541933  1742544746   569541933 "obj_dir/VPvuTop_Compressor4to2__DepSet_h621f074e__5.cpp"
T    864971 19946221  1742544746   573541859  1742544746   573541859 "obj_dir/VPvuTop_Compressor4to2__DepSet_h621f074e__6.cpp"
T    840694 19946222  1742544746   577541785  1742544746   577541785 "obj_dir/VPvuTop_Compressor4to2__DepSet_h621f074e__7.cpp"
T    857610 19946223  1742544746   581541712  1742544746   581541712 "obj_dir/VPvuTop_Compressor4to2__DepSet_h621f074e__8.cpp"
T    868539 19946224  1742544746   585541637  1742544746   585541637 "obj_dir/VPvuTop_Compressor4to2__DepSet_h621f074e__9.cpp"
T       695 19927506  1742544746   535542560  1742544746   535542560 "obj_dir/VPvuTop_Compressor4to2__Slow.cpp"
T     10943 19927150  1742544746   480543575  1742544746   480543575 "obj_dir/VPvuTop_CsaTree_30.h"
T      3704 19946213  1742544746   517542892  1742544746   517542892 "obj_dir/VPvuTop_CsaTree_30__DepSet_h05a04879__0.cpp"
T     11861 19946212  1742544746   514542947  1742544746   514542947 "obj_dir/VPvuTop_CsaTree_30__DepSet_h40a185b4__0__Slow.cpp"
T   1078605 19946214  1742544746   522542800  1742544746   522542800 "obj_dir/VPvuTop_CsaTree_30__DepSet_ha9891a1f__0.cpp"
T   1084149 19946215  1742544746   526542726  1742544746   526542726 "obj_dir/VPvuTop_CsaTree_30__DepSet_ha9891a1f__1.cpp"
T   1084149 19946216  1742544746   531542634  1742544746   531542634 "obj_dir/VPvuTop_CsaTree_30__DepSet_ha9891a1f__2.cpp"
T   1084149 19946217  1742544746   535542560  1742544746   535542560 "obj_dir/VPvuTop_CsaTree_30__DepSet_ha9891a1f__3.cpp"
T       659 19946208  1742544746   514542947  1742544746   514542947 "obj_dir/VPvuTop_CsaTree_30__Slow.cpp"
T     16570 19939207  1742544746   480543575  1742544746   480543575 "obj_dir/VPvuTop_IntDivider.h"
T     47314 19946206  1742544746   505543113  1742544746   505543113 "obj_dir/VPvuTop_IntDivider__DepSet_h7232fb6f__0.cpp"
T    574473 19939218  1742544746   508543059  1742544746   508543059 "obj_dir/VPvuTop_IntDivider__DepSet_h84266880__0.cpp"
T    426123 19939910  1742544746   511543003  1742544746   511543003 "obj_dir/VPvuTop_IntDivider__DepSet_h84266880__1.cpp"
T     11257 19927152  1742544746   505543113  1742544746   505543113 "obj_dir/VPvuTop_IntDivider__DepSet_h84937774__0.cpp"
T     16002 19939217  1742544746   503543150  1742544746   503543150 "obj_dir/VPvuTop_IntDivider__DepSet_hc192c4a7__0__Slow.cpp"
T       659 19939216  1742544746   503543150  1742544746   503543150 "obj_dir/VPvuTop_IntDivider__Slow.cpp"
T     11023 19939877  1742544746   480543575  1742544746   480543575 "obj_dir/VPvuTop_Radix4BoothMultiplier.h"
T    368626 19939923  1742544746   514542947  1742544746   514542947 "obj_dir/VPvuTop_Radix4BoothMultiplier__DepSet_h2cb52d1d__0.cpp"
T     10901 19939922  1742544746   511543003  1742544746   511543003 "obj_dir/VPvuTop_Radix4BoothMultiplier__DepSet_h65fcae19__0__Slow.cpp"
T    186584 19946207  1742544746   512542985  1742544746   512542985 "obj_dir/VPvuTop_Radix4BoothMultiplier__DepSet_ha8b963b5__0.cpp"
T       758 19939918  1742544746   511543003  1742544746   511543003 "obj_dir/VPvuTop_Radix4BoothMultiplier__Slow.cpp"
T      1300 19939875  1742544746   479543593  1742544746   479543593 "obj_dir/VPvuTop__ConstPool_0.cpp"
T     69359 19939201  1742544746   479543593  1742544746   479543593 "obj_dir/VPvuTop__Syms.cpp"
T     18222 19939202  1742544746   479543593  1742544746   479543593 "obj_dir/VPvuTop__Syms.h"
T   1553966 19939220  1742544746   915535547  1742544746   915535547 "obj_dir/VPvuTop__Trace__0.cpp"
T    624649 19939219  1742544746   734538888  1742544746   734538888 "obj_dir/VPvuTop__Trace__0__Slow.cpp"
T   1114090 19939925  1742544746   920535456  1742544746   920535456 "obj_dir/VPvuTop__Trace__1.cpp"
T   1180055 19946279  1742544746   974534459  1742544746   974534459 "obj_dir/VPvuTop__Trace__10.cpp"
T   1200917 19946257  1742544746   800537670  1742544746   800537670 "obj_dir/VPvuTop__Trace__10__Slow.cpp"
T   1181872 19946280  1742544746   980534348  1742544746   980534348 "obj_dir/VPvuTop__Trace__11.cpp"
T   1176544 19946258  1742544746   807537540  1742544746   807537540 "obj_dir/VPvuTop__Trace__11__Slow.cpp"
T   1050028 19946281  1742544746   986534237  1742544746   986534237 "obj_dir/VPvuTop__Trace__12.cpp"
T   1112134 19946259  1742544746   813537430  1742544746   813537430 "obj_dir/VPvuTop__Trace__12__Slow.cpp"
T   1205193 19946282  1742544746   992534126  1742544746   992534126 "obj_dir/VPvuTop__Trace__13.cpp"
T   1060104 19946260  1742544746   819537319  1742544746   819537319 "obj_dir/VPvuTop__Trace__13__Slow.cpp"
T   1183258 19946283  1742544746   998534016  1742544746   998534016 "obj_dir/VPvuTop__Trace__14.cpp"
T   1199306 19946261  1742544746   826537190  1742544746   826537190 "obj_dir/VPvuTop__Trace__14__Slow.cpp"
T   1194700 19946284  1742544747     4533905  1742544747     4533905 "obj_dir/VPvuTop__Trace__15.cpp"
T   1193750 19946262  1742544746   832537079  1742544746   832537079 "obj_dir/VPvuTop__Trace__15__Slow.cpp"
T   1221277 19946285  1742544747    10533795  1742544747    10533795 "obj_dir/VPvuTop__Trace__16.cpp"
T   1165748 19946263  1742544746   838536969  1742544746   838536969 "obj_dir/VPvuTop__Trace__16__Slow.cpp"
T    994955 19946286  1742544747    15533702  1742544747    15533702 "obj_dir/VPvuTop__Trace__17.cpp"
T   1159292 19946264  1742544746   845536839  1742544746   845536839 "obj_dir/VPvuTop__Trace__17__Slow.cpp"
T   1189111 19946287  1742544747    21533592  1742544747    21533592 "obj_dir/VPvuTop__Trace__18.cpp"
T   1041658 19946265  1742544746   851536729  1742544746   851536729 "obj_dir/VPvuTop__Trace__18__Slow.cpp"
T   1168727 19946288  1742544747    27533480  1742544747    27533480 "obj_dir/VPvuTop__Trace__19.cpp"
T   1196949 19946266  1742544746   857536618  1742544746   857536618 "obj_dir/VPvuTop__Trace__19__Slow.cpp"
T    669497 19939924  1742544746   740538777  1742544746   740538777 "obj_dir/VPvuTop__Trace__1__Slow.cpp"
T   1092894 19926291  1742544746   926535345  1742544746   926535345 "obj_dir/VPvuTop__Trace__2.cpp"
T   1210179 19946289  1742544747    33533370  1742544747    33533370 "obj_dir/VPvuTop__Trace__20.cpp"
T   1167238 19946267  1742544746   863536507  1742544746   863536507 "obj_dir/VPvuTop__Trace__20__Slow.cpp"
T   1178203 19946290  1742544747    39533259  1742544747    39533259 "obj_dir/VPvuTop__Trace__21.cpp"
T   1178354 19946268  1742544746   869536396  1742544746   869536396 "obj_dir/VPvuTop__Trace__21__Slow.cpp"
T    536242 19946291  1742544747    42533204  1742544747    42533204 "obj_dir/VPvuTop__Trace__22.cpp"
T   1206094 19946269  1742544746   875536286  1742544746   875536286 "obj_dir/VPvuTop__Trace__22__Slow.cpp"
T    983389 19946270  1742544746   881536175  1742544746   881536175 "obj_dir/VPvuTop__Trace__23__Slow.cpp"
T   1173517 19946271  1742544746   887536064  1742544746   887536064 "obj_dir/VPvuTop__Trace__24__Slow.cpp"
T   1157032 19946272  1742544746   893535953  1742544746   893535953 "obj_dir/VPvuTop__Trace__25__Slow.cpp"
T   1192104 19946273  1742544746   899535843  1742544746   899535843 "obj_dir/VPvuTop__Trace__26__Slow.cpp"
T   1171674 19946274  1742544746   905535732  1742544746   905535732 "obj_dir/VPvuTop__Trace__27__Slow.cpp"
T    495806 19946275  1742544746   907535695  1742544746   907535695 "obj_dir/VPvuTop__Trace__28__Slow.cpp"
T    692775 19926289  1742544746   746538666  1742544746   746538666 "obj_dir/VPvuTop__Trace__2__Slow.cpp"
T   1203379 19926292  1742544746   933535216  1742544746   933535216 "obj_dir/VPvuTop__Trace__3.cpp"
T    712173 19927111  1742544746   751538574  1742544746   751538574 "obj_dir/VPvuTop__Trace__3__Slow.cpp"
T   1215182 19927179  1742544746   939535105  1742544746   939535105 "obj_dir/VPvuTop__Trace__4.cpp"
T    686163 19927526  1742544746   757538463  1742544746   757538463 "obj_dir/VPvuTop__Trace__4__Slow.cpp"
T   1188159 19927529  1742544746   945534994  1742544746   945534994 "obj_dir/VPvuTop__Trace__5.cpp"
T    685733 19927527  1742544746   763538353  1742544746   763538353 "obj_dir/VPvuTop__Trace__5__Slow.cpp"
T   1132534 19927597  1742544746   950534902  1742544746   950534902 "obj_dir/VPvuTop__Trace__6.cpp"
T   2153282 19927528  1742544746   775538131  1742544746   775538131 "obj_dir/VPvuTop__Trace__6__Slow.cpp"
T   1069015 19946276  1742544746   956534791  1742544746   956534791 "obj_dir/VPvuTop__Trace__7.cpp"
T   1093196 19946254  1742544746   781538020  1742544746   781538020 "obj_dir/VPvuTop__Trace__7__Slow.cpp"
T   1216075 19946277  1742544746   962534680  1742544746   962534680 "obj_dir/VPvuTop__Trace__8.cpp"
T   1079382 19946255  1742544746   788537892  1742544746   788537892 "obj_dir/VPvuTop__Trace__8__Slow.cpp"
T   1202761 19946278  1742544746   968534570  1742544746   968534570 "obj_dir/VPvuTop__Trace__9.cpp"
T   1185952 19946256  1742544746   794537780  1742544746   794537780 "obj_dir/VPvuTop__Trace__9__Slow.cpp"
T     49136 19939205  1742544746   480543575  1742544746   480543575 "obj_dir/VPvuTop___024root.h"
T    766230 19939211  1742544746   491543372  1742544746   491543372 "obj_dir/VPvuTop___024root__DepSet_h08eac463__0.cpp"
T    267203 19939209  1742544746   482543538  1742544746   482543538 "obj_dir/VPvuTop___024root__DepSet_h08eac463__0__Slow.cpp"
T    256801 19927110  1742544746   492543353  1742544746   492543353 "obj_dir/VPvuTop___024root__DepSet_h08eac463__1.cpp"
T    853853 19939212  1742544746   496543280  1742544746   496543280 "obj_dir/VPvuTop___024root__DepSet_h6498118e__0.cpp"
T    150371 19939210  1742544746   483543519  1742544746   483543519 "obj_dir/VPvuTop___024root__DepSet_h6498118e__0__Slow.cpp"
T    881905 19925591  1742544746   499543225  1742544746   499543225 "obj_dir/VPvuTop___024root__DepSet_h6498118e__1.cpp"
T    880402 19939879  1742544746   503543150  1742544746   503543150 "obj_dir/VPvuTop___024root__DepSet_h6498118e__2.cpp"
T     44580 19925090  1742544746   503543150  1742544746   503543150 "obj_dir/VPvuTop___024root__DepSet_h6498118e__3.cpp"
T       650 19939208  1742544746   480543575  1742544746   480543575 "obj_dir/VPvuTop___024root__Slow.cpp"
T      5968 19925796  1742544747    42533204  1742544747    42533204 "obj_dir/VPvuTop__ver.d"
T         0        0  1742544747    42533204  1742544747    42533204 "obj_dir/VPvuTop__verFiles.dat"
T      5858 19939221  1742544747    42533204  1742544747    42533204 "obj_dir/VPvuTop_classes.mk"
